5308
122
3944
9327
5610
6551
3001
2272
3662
7813
5039
1002
2719
9158
6620
4304
9503
4787
5703
3158
4748
162
6438
1275
6797
5966
7903
952
3537
8948
3782
4904
8644
2760
6876
8422
3373
3080
253
7441
57
1982
6366
9878
5355
7516
5479
6677
9024
3480
3913
7229
3436
3231
4812
8497
6407
7021
3614
9165
963
4813
8137
1322
1744
729
5978
3624
4753
3024
4251
2883
7687
5958
2861
6478
3721
2565
308
8555
7917
1280
931
2700
4509
2790
7546
5040
9766
4894
9684
1445
2607
1425
6222
9881
4401
9970
2766
8209
5776
4971
4561
393
4419
5852
8621
6081
4915
7668
7173
159
5827
4061
8693
8393
8120
7934
4564
4624
7316
9661
4859
5523
5614
9547
4066
3295
3134
9068
3355
8738
9613
7464
3468
2419
3706
2130
1230
8967
5126
956
764
2290
5246
7724
7951
9227
7455
4027
9741
5544
8897
2386
5041
1961
4716
9360
8464
145
6088
1550
7677
9570
139
3436
8438
1288
472
4760
7857
6195
4485
9208
942
7954
329
7888
8691
5507
6940
5224
9393
4063
7932
1245
3182
5743
2983
8950
1338
7046
7284
6247
5692
3551
4459
523
7761
6624
7255
2849
1561
5658
4623
511
1218
2882
8956
2509
4064
543
3459
2236
6836
9949
4550
1118
390
7108
8937
5111
3876
1601
4336
5876
3313
9597
7059
5333
4894
2237
4245
3797
3735
5765
9523
4781
7515
7610
6903
6375
2950
5940
8227
9606
8987
8053
9946
9628
2580
8083
5625
8890
8100
9068
4379
8083
216
9546
3979
156
9954
1201
832
8657
632
2471
7393
6426
619
2361
3425
7010
1591
5026
5802
5324
7983
4890
7839
7275
956
1883
111
8443
2973
4700
5993
7049
692
6160
3387
6847
2621
9723
4361
1147
4174
8963
5469
8143
243
7694
9880
976
900
4253
2056
5872
2278
7269
2947
6063
8597
9158
1567
7480
397
4623
3237
7217
2654
4494
7348
65
7629
7598
9784
6878
4916
244
9878
2231
9986
9845
8838
3772
175
6782
237
8172
1040
5165
3945
221
5633
4420
9876
1445
9525
9045
4752
9641
5930
6544
3925
1809
3754
1202
1098
5329
9026
4531
5805
3246
7745
7855
4651
2199
2107
5843
8797
1575
1723
4335
5712
5981
5451
6403
6856
3540
1319
5774
3780
4895
992
6041
999
6354
6164
6707
7983
4155
8441
6747
6304
1494
2649
8714
4346
6808
7927
5412
7568
4779
1013
9893
3353
7923
6074
4989
4997
8685
149
6514
7801
7942
4872
6078
3641
274
451
6070
4137
7928
9451
9143
2451
4422
1284
7729
8569
3179
2510
4834
4741
9563
4403
6878
8960
2499
9467
700
8727
3028
7266
3786
8553
8700
4795
5361
4985
7777
9434
4210
4993
372
7588
9384
5912
4409
7885
4900
6441
9718
8399
9618
597
822
6729
1839
3723
5196
6517
4416
8252
8954
4698
3663
134
2295
9600
5273
3642
3176
5695
7454
9522
9156
8788
7409
4144
1689
3482
3148
9167
38
1227
8866
530
8104
8611
1551
6124
8259
3512
4229
9936
45
1040
1937
5918
694
3447
937
6363
6230
7333
6825
8383
7342
2506
4478
7986
2686
2097
5042
1395
5250
4170
59
6212
6004
3166
2421
108
593
3759
9687
7323
3715
3627
7893
6026
2655
99
2367
6820
5816
8871
9175
9454
949
3511
2256
4372
4956
5278
9674
5525
9804
9367
2162
5489
7024
6451
1296
4942
9754
3023
6894
3835
2345
8429
6519
4930
3064
4646
8041
4890
5305
2859
486
28
2169
7055
1317
5471
8580
2304
407
6295
7326
2401
7381
9627
9256
4825
323
8076
7524
3311
6238
5500
4691
4100
5933
2093
7484
3501
5575
1131
4103
6359
6522
7211
2109
3126
1301
2397
5786
6088
5493
4414
6779
6577
9965
122
8679
6114
210
4026
7518
1240
2071
695
2624
1011
1463
4306
676
8466
4920
4603
9892
9331
1654
5388
6716
1334
5055
1247
938
546
6829
1685
7586
1112
7725
2825
4311
9935
5555
5891
2534
7693
8319
517
4973
3460
5034
5663
4970
570
148
9920
8736
995
7971
916
9964
6838
9148
5527
6481
2990
9186
9454
799
5830
7025
1290
3816
9248
2828
5828
6490
1489
9746
3494
523
9670
765
9955
5490
7370
3633
7228
6998
9082
669
1439
1498
4904
1916
6824
7192
2612
7535
3583
2335
4460
2860
6170
2754
4415
8536
2903
7878
8384
3753
3191
3226
8197
8795
8128
82
2765
2009
2176
3597
4672
3328
9462
5242
3400
2066
7127
7851
7188
174
3482
4144
9593
2845
824
3332
4265
6072
3936
1343
3925
5595
3793
5014
3648
9395
1767
94
6777
9869
5461
854
6193
5501
1491
3710
2538
8871
8786
1237
304
2874
1400
5494
7522
5412
6088
1545
9050
6007
5297
2724
2736
4836
8553
6512
1046
1669
1056
4001
4171
2382
3232
5739
1596
9050
9203
6236
2377
7665
2301
2034
2039
5661
9888
2241
6770
4196
401
5670
7356
9372
3733
5095
2355
6511
1159
4206
6621
6458
829
3368
9857
7959
9829
2276
937
1804
5307
8413
3181
2579
7314
2870
7805
7516
1929
5399
7585
9011
1219
7505
5135
4880
8760
7281
3371
440
3507
5691
7011
3459
3747
8335
4423
9894
1526
1247
7367
7067
9723
5363
2836
8061
3599
6105
9433
5723
8047
3878
6822
1030
8916
9016
1712
8608
964
4499
8271
203
7838
8155
7267
8597
4659
6249
3420
9933
7864
8092
7470
2903
460
4282
6371
7633
6402
7773
300
4499
1163
4993
8669
4549
3801
164
7791
514
8625
4405
2209
5850
8719
3436
6951
4356
4544
2234
3154
1135
1459
4707
6315
1696
4901
2895
2293
1638
3897
276
7807
383
1377
8830
2638
4928
3571
2874
7072
9298
3020
304
4760
9476
491
7783
9359
4312
8530
3141
5185
243
8884
9502
6591
4633
4424
8358
2801
1616
8093
5186
9900
423
5381
6446
9750
2881
1831
6051
9112
3924
4884
9821
7152
7457
7780
4823
6711
8326
52
4517
5406
9611
1133
1290
7577
264
3589
7042
7
6268
5306
8796
6934
6990
1088
5971
6620
2109
5863
3721
1775
961
2661
1128
1495
6895
2739
5887
5886
5946
20
6710
7585
5666
5493
932
111
6553
7901
8858
7989
5794
1069
8584
287
9776
187
3472
5006
5754
7539
640
1994
3261
1127
7875
1128
1327
9678
2037
1933
4500
6022
1087
9774
559
7868
612
537
9595
55
1011
6157
4763
3857
8132
4660
2882
9823
4726
9263
1063
1522
6997
6704
4241
1267
7603
5337
9903
7814
2926
1148
5006
8760
9182
7969
3228
8624
1595
9536
6973
3253
4257
6775
5438
1105
4267
4644
9975
8826
7839
548
771
388
2170
6977
3720
7491
74
2331
3192
1298
3316
4831
7023
9496
5902
1743
2475
6983
3961
6425
8653
123
4615
6750
7148
6199
8584
136
4051
3985
5848
701
1990
2081
2006
3664
5505
4204
6056
9575
7513
7743
8633
5870
8113
1020
3824
3411
4790
1049
2894
4818
9314
7317
4640
9741
8207
9757
6341
4246
2664
7765
8372
2263
339
1821
4032
3467
1136
9942
911
2277
9346
7937
3819
9169
5021
8412
6895
1044
9611
2867
602
7923
729
5008
6716
916
6000
8467
6107
8918
1937
5276
7682
4999
5459
3188
2585
9660
3682
3139
3325
1843
6768
668
5217
9277
6590
9088
9181
7359
4887
6767
3006
466
3975
4760
5981
8617
2957
2545
7513
8281
4230
823
5313
7237
904
2298
8939
3512
5671
9051
7616
997
3943
2377
1760
7919
1510
9920
5069
971
4400
7195
4184
4368
8722
2029
6426
9769
9789
3946
978
5125
1639
8221
7480
4077
7810
7345
4167
7852
9883
3704
13
6484
1404
3924
9899
4242
6641
5003
7319
790
38
6459
216
1243
9681
2025
2730
6358
695
8455
7814
7819
2121
5783
1909
375
9434
6879
1545
3741
9839
5513
149
2900
4105
8551
4133
2817
1953
8916
1493
5218
7152
4096
9021
6547
9194
4219
8944
2877
5425
2078
9811
9759
8514
9253
9774
3888
9848
6008
4478
4886
3867
9943
8231
1276
6145
7376
8343
7018
2850
963
3792
1948
4583
1126
4640
836
2480
9533
2211
2538
1541
4122
9331
9281
8316
3007
5891
192
4070
3865
2099
6049
3704
429
7257
6888
7087
7901
2254
2559
8048
2156
2026
3648
3191
4455
591
6443
8738
3064
1987
4818
1928
4855
6312
9489
9364
5131
2978
3600
1048
5155
5131
6284
3052
5952
4078
8858
4467
821
6873
2267
7418
2778
6480
3979
4002
3828
577
5807
3823
5362
5144
8113
6999
6675
6927
9471
9256
7729
2013
5044
7331
970
3258
3808
6835
5412
7033
9221
6110
7233
6517
6894
2995
4656
9253
4277
1355
6676
4980
4593
3363
8014
148
6958
1205
4929
909
7239
3433
5436
9060
6259
7405
8607
6691
7324
977
6769
4899
2124
8716
3862
4348
9840
8168
9448
9121
5721
4980
3372
7309
4841
5288
6864
8151
4298
5631
447
5382
4487
1609
236
1325
2233
8780
9079
4556
8498
8522
8569
7500
261
8135
8934
1289
4141
1938
8239
1289
6316
5240
5043
9924
4441
1406
8807
734
4838
3924
5881
3134
6417
7551
5631
5584
7794
3332
9415
8350
8878
1180
6585
4840
1886
9113
172
3758
7110
2615
2753
534
6966
1230
5063
2024
3253
2589
2420
5227
7268
4383
8670
6953
8500
1215
8912
2778
7395
5954
3741
2275
7960
6606
9352
2955
4681
2875
2066
4409
6964
2862
8543
3851
3355
5066
9295
217
2313
6267
5050
6472
6918
1620
4702
4937
9417
5007
7242
4211
3838
4044
6641
2384
6893
7272
9625
6957
3747
2809
5752
3693
5830
3284
7723
601
158
5642
5830
642
6261
4446
1156
7063
5181
2647
3688
6632
3958
3017
67
5889
6084
3539
9734
535
757
839
4988
9832
6028
4227
2402
194
9510
447
4259
2675
4750
4816
9023
1168
8339
7127
392
5862
4000
6532
27
1054
2571
6036
4564
5192
4343
5213
178
4436
1862
1933
8521
4047
3023
4334
3772
8831
1554
898
8713
3190
2642
7509
2164
9396
7711
4959
8103
8169
7816
9056
1545
7326
3329
3929
3528
3029
3027
2484
2560
1652
7728
4320
6558
6639
6039
93
5485
9687
6129
5244
4442
4969
9476
594
3311
4338
9017
3762
8814
5665
3183
5826
9043
1326
887
4584
8056
9876
471
6005
8102
7941
9942
7763
3832
8775
5467
6204
2845
6464
3869
9282
5016
1682
2623
6501
7089
6991
7626
8872
1538
7690
872
3311
1095
4160
4759
245
6000
5716
1861
7797
6739
637
3228
6206
3227
3478
2002
3421
6202
6893
4810
113
7337
6765
9762
4937
355
7130
4773
5560
2647
9526
1685
8530
6143
9237
5644
5041
6404
5508
3892
3600
6909
7564
5826
6899
7866
6285
8091
9446
8841
5221
3613
425
9853
6656
223
6605
7050
3709
4562
6680
9674
387
5054
2566
3230
1439
7777
8728
3913
8975
2452
7125
8694
1723
606
1946
7162
6305
4575
8982
930
7708
1737
692
2435
3991
4085
578
6571
1588
3775
3078
3686
1651
9152
8253
9818
5577
1113
8030
2038
8370
1663
4584
2469
3562
3317
889
8067
9229
9561
658
2850
2473
3996
4518
2436
5049
8933
1562
7575
2542
1499
1144
2341
3956
4312
4532
5791
3862
3452
1087
5630
184
3712
7277
780
7969
8239
1721
5845
1543
6882
4958
9833
4072
764
5712
8973
3224
6433
6339
1928
4576
4983
4447
2901
6
3766
7383
1123
788
105
3607
1524
8484
2065
3770
5888
3764
8958
3045
6717
3610
9325
2205
8400
8363
3118
2182
9717
7512
6634
1144
5352
570
2722
9012
1134
5356
2836
4430
9889
1438
1581
8668
847
3757
5583
2047
7598
768
4994
2075
3134
867
5209
1514
4778
8448
3393
6435
5097
2005
5228
8831
9157
6193
7317
5884
9326
9779
9230
3162
7033
1866
2862
3049
4459
3553
1273
6148
8335
3935
2968
8821
4158
6578
3580
8519
4008
6007
9930
6253
8136
9416
4790
7442
6138
3072
2742
5649
8376
114
9155
8677
6612
9698
1072
2847
4414
7124
4569
2212
6898
1011
6500
7258
8911
133
2249
8480
8081
3671
5769
8193
8666
791
7246
5314
8653
171
6685
8613
564
9019
2508
208
8908
5612
7584
9383
9969
258
1290
2784
8656
6191
3096
5523
9579
8466
8807
7745
9167
3416
2798
6518
9669
1794
7133
3995
6155
2370
6786
3333
8476
3287
9230
8058
5712
9609
6888
9041
6668
703
6639
6756
6316
5754
2656
851
1227
839
5808
2794
8239
8333
712
4662
2737
4681
4950
9802
5388
4605
1650
1101
2186
2266
3239
1388
8958
1201
6126
3557
9036
1555
802
3122
56
2354
818
6005
9548
437
4391
8310
6755
4578
9246
1617
2312
3975
9285
3159
9420
3839
1490
2020
8278
3067
9960
5187
5120
1799
2201
3284
3543
6193
3137
4533
6266
1886
7792
4667
1076
4181
1622
6190
2915
4661
7909
3046
4654
1444
2899
10
2151
3056
6702
2515
1321
1214
706
3745
530
6282
4019
4226
6876
997
214
6832
3682
4572
4158
9388
4519
3024
3973
1312
1931
7692
2985
910
2001
2144
6859
7679
6414
4222
1041
986
6869
2803
6161
6546
3045
5854
7539
5828
2949
7988
8400
4619
7629
475
5258
1481
226
4897
5986
9387
1775
6468
6394
5005
5777
9377
7440
1507
7726
6952
7393
7429
9421
9083
8110
9296
9876
6817
7452
3289
6497
2031
5141
1505
8101
3680
4611
6892
6813
6208
3939
7465
9706
4915
9842
2043
1221
6360
7554
4653
5786
1416
9073
5987
5149
6854
7499
3131
2487
9467
2608
3844
9112
6400
2092
4635
130
7413
8646
1023
8158
4439
7713
9044
2534
6340
7672
3463
1695
1898
7963
8529
879
5131
9870
3466
233
720
441
453
6174
2089
9914
290
3560
661
841
4913
7321
1813
8739
4310
4646
9625
4437
141
1336
5270
2428
8141
9489
7795
7459
6690
9553
7836
4723
6296
927
4017
9529
588
3283
8289
2901
196
9552
1468
3691
6200
3925
7296
8968
8821
5743
2893
9153
7214
93
4
2551
190
8234
6345
5054
7481
6946
6518
8796
7476
4847
6067
3301
6205
8870
4961
5370
7585
2616
5253
6199
7174
1541
5402
5973
4531
8094
5370
5345
9703
8894
4186
7829
8373
9943
516
2647
198
9934
3137
7281
5447
2836
5968
2536
9454
1909
5458
3853
4045
1508
2022
4050
4945
8391
3243
7452
9656
2619
8815
7812
3517
7423
5505
6640
9913
3506
2232
4890
6420
1835
3626
3709
453
286
7288
2304
1342
7848
5003
9319
4825
3548
3872
2650
7368
785
3719
7033
7187
6559
6752
821
761
6264
4054
7275
9944
5355
211
4609
1978
8090
4416
9426
2513
9285
7582
8310
3372
6847
7313
245
5657
9037
4307
7026
7869
5304
8486
304
5791
6098
799
6124
4361
5645
5474
938
4768
9534
3074
6682
8363
4387
1696
3952
930
13
9158
2265
4806
9349
3486
7728
4993
6025
927
8829
4171
523
4752
1230
1089
8134
2639
9388
2197
920
7870
5466
8702
2014
1605
2585
3776
3494
282
4159
1946
1742
6261
9771
9306
6696
9231
7761
7991
3309
4297
3122
6788
4214
1872
7668
657
4095
8985
1578
6206
3341
247
769
570
4380
6843
1379
9495
7323
4077
1478
7093
1450
9468
7473
4621
9167
7358
2797
3466
8913
8927
2382
7211
7982
3650
527
3631
4215
2989
3870
3073
8295
3898
8360
1169
7714
2058
7281
4418
1128
6465
7709
5644
9115
6286
189
1901
8830
4736
1190
356
1251
6399
9277
5471
2873
2600
9218
5469
8055
9980
5278
2664
3226
2876
3629
9842
4404
5078
4381
9810
5680
3446
6561
7992
2002
7605
4727
360
9623
5076
8001
2691
3004
4609
7175
3252
4957
6839
3441
7995
5652
4562
443
3479
2854
5385
8690
3305
9229
4068
733
7168
3398
8764
3266
8817
2777
8352
1994
6929
7926
5492
5971
2718
8179
4671
7519
9111
2453
395
4009
1318
1274
3898
7817
6014
6789
2574
8070
6699
4764
6448
688
1534
602
9079
3096
9981
4514
5977
6493
4042
9041
9258
4588
4414
7385
8791
5517
4555
86
2652
5593
8925
4711
9035
5614
1878
5473
2635
7420
8367
8573
8776
3372
436
7681
7636
3154
5906
4395
6172
6818
286
2200
2579
2765
138
4518
1359
1972
8131
2548
8791
4915
9466
3948
4266
6032
2779
849
2935
1872
6866
4485
1359
4203
7081
9059
5526
1034
5219
259
97
9919
5244
4452
3978
9778
7729
3310
7037
7665
6958
3537
3786
1204
8436
4836
5699
2513
2817
5735
9585
4574
4064
6589
7348
3543
6385
1053
5641
7492
1295
4647
1790
805
7977
667
5261
2458
4961
9133
7523
4038
3090
1693
3936
5753
1734
9523
2625
2173
4903
4348
2876
8442
3467
9781
5279
3175
2586
3197
1241
6700
3183
8010
133
5716
9859
2085
9837
7503
8622
7392
6693
6139
9935
1547
7260
2937
4519
4643
1009
2208
8137
9407
523
7035
3245
8290
3465
1558
603
1811
9346
4157
5757
6243
4320
7806
5781
8199
4295
3251
1230
9877
6235
7482
9027
3818
6799
6571
2356
2505
102
7913
5405
3345
5644
3342
6336
7860
3294
5127
1998
6502
7193
6175
5261
3011
8231
2065
5121
7141
4735
7176
4388
9153
4437
9701
2989
60
1279
8712
7095
8283
4781
6016
1384
596
4481
2567
2704
1084
7515
4489
8530
3956
4718
1266
3178
268
7812
8316
2157
9743
5431
7535
618
7680
8361
3834
9216
8250
4430
6956
7448
3273
2136
8957
2039
4162
4399
85
3646
4858
2076
7329
2996
3079
453
6706
2757
4458
2906
2423
7248
7342
6902
8706
8084
7450
3568
1978
6948
1530
9909
4637
3558
2551
2908
5496
9517
589
3180
4547
826
4279
1938
3096
3515
4457
3041
9022
953
7300
7088
5254
8503
5624
3839
6805
1231
4112
8022
3550
9844
4272
9254
1752
4722
4907
2028
4884
4892
8817
6665
7423
7492
1590
4341
2765
4563
2761
6179
1663
9897
1134
4282
6215
5102
7665
1449
7087
574
4647
9252
9566
2389
421
6641
1163
3068
5610
7952
5957
4463
5300
6145
939
6508
2750
4300
3541
6697
7958
7463
1705
1199
7957
1977
416
2595
6670
8136
887
9251
3540
5063
7644
6934
8735
4861
5999
9691
9354
9071
6651
4297
4037
1786
5070
3002
4628
6540
1183
2333
6156
2436
8306
1034
4204
4899
1543
54
7426
2964
984
8489
585
7764
9373
5601
6219
4709
8727
9771
5439
6766
4076
2117
1374
3135
1560
497
5243
6386
8381
7127
4036
3285
2793
3528
3697
8216
391
6177
6741
8433
4456
3408
6459
1970
4763
6639
956
6530
1102
1505
8534
2553
9675
6275
1340
3512
4273
3265
187
9484
8633
9081
5864
2993
9050
2122
4246
7824
145
4355
1185
5755
5202
1354
1138
3425
471
7029
194
8570
1322
2113
4316
982
6134
3154
5461
8503
7500
7236
7773
5625
1284
3471
4098
2926
976
2265
4945
5774
6182
5138
5398
8064
4976
8969
7875
5446
6690
2632
8492
214
5780
4905
6497
305
949
7818
2865
9192
8987
1029
6190
1629
6089
5308
5800
8375
2792
1094
3623
4858
4902
8437
6290
7996
2720
3599
9369
2611
2654
4822
2004
8769
8183
1786
1551
8454
4734
1035
3022
6674
4180
6433
3435
6507
3111
2894
5382
7613
1676
8340
2720
8331
7946
4743
9260
8540
5107
7089
8023
476
9391
3954
7703
6038
7702
54
3168
8685
3719
497
2552
645
7357
4864
9589
5659
5253
5010
1579
88
6969
8469
4096
5307
2131
1324
3233
640
4150
7395
8551
328
6902
3378
3680
5617
5350
4561
4010
8959
6993
742
350
5386
9651
9786
5986
1161
7797
7987
9777
5686
8316
3367
936
5738
2814
9485
4450
8036
8200
2016
7360
5850
9339
6892
6558
93
7751
7463
5308
2400
4637
7014
3606
1465
4353
3197
908
6167
3834
7421
3403
9488
8220
8291
2622
2285
742
1404
5580
3713
2568
736
7071
2774
5104
6034
9985
655
1057
43
819
2372
2089
9115
6912
5014
2443
783
1381
8994
1336
791
6199
6174
154
6332
2564
5493
9543
4290
9906
78
9287
6384
6578
694
6072
3397
6497
9305
4041
1900
2694
3401
3994
4964
6441
4264
1987
7014
284
7492
8009
8690
2594
3722
3290
6540
4488
2940
4218
5162
9812
6915
2337
6953
1680
5855
1063
863
3261
9611
3565
2785
2567
7607
7603
5279
5284
2904
9510
9282
9126
9702
8259
4315
7852
5958
4819
4206
2587
7037
7265
5287
5039
8651
5098
1495
6605
9006
6499
6010
3633
138
1664
9913
3002
7079
2135
9643
7694
712
7852
6509
3802
4257
6273
4716
1184
7910
8533
4413
7760
7396
6886
6301
8093
6903
8710
6609
868
8336
9563
2801
2214
4245
6406
9929
8734
1669
1553
8846
1679
2611
8329
588
1949
4108
9843
7568
4276
5885
1316
1861
3646
101
3793
2302
4863
4305
2920
5918
7606
2102
3797
8988
8290
7621
7847
1918
7711
826
4014
2776
5792
1025
2860
2616
5862
3056
6204
6379
1630
280
6440
2248
9336
3896
2047
4777
2751
2917
1952
1100
9639
6873
3264
6216
8048
3380
101
303
5813
5944
5483
3754
6841
3073
9865
7367
6645
205
8409
4005
2996
297
8665
9139
7666
2731
6240
8939
7918
3122
8618
1766
6881
5672
1687
2153
2322
3049
9902
1826
7848
6399
6008
5045
9885
7111
5202
1061
7415
8351
6973
2795
9519
9261
4885
5566
9180
4219
2677
1728
4365
5145
5631
923
9127
373
9842
517
3732
3198
1406
6838
9108
1028
279
1685
3177
4198
6693
8901
1571
4300
1173
6931
6102
5635
8111
5622
1056
3009
8723
5414
5580
7923
2407
5642
5956
7513
4133
5150
2847
1149
7346
5116
56
9584
8621
5754
7560
6716
9485
566
1926
4536
1138
9223
4456
7076
4983
845
4883
9301
1554
8174
4728
2
8769
2023
3316
4134
2916
4253
5312
3984
3208
8245
999
3438
5847
9859
8308
142
823
8359
7111
7340
3087
8990
5062
9105
421
4039
3665
1897
8834
6001
9191
8699
9526
1981
4373
7383
1869
8010
4859
7938
6253
1210
3969
5777
5349
6253
1340
4042
1741
8211
1112
6724
2114
3204
1404
670
9727
6950
3269
4331
3431
9326
2054
9407
6817
9854
1572
631
1616
5665
6493
7695
3402
1058
8940
8281
3092
6174
3498
4523
2872
4888
3875
5264
5340
1953
4169
6984
7205
5346
2167
8476
9718
2480
5330
8883
1108
242
1926
7405
4761
5467
9168
1348
8532
1336
5808
4140
3354
8200
7377
3680
3809
393
6457
5832
3216
2305
6463
6121
6321
2859
3064
2118
326
9980
9524
7309
8305
7417
850
3240
235
9462
5596
1263
1526
1916
4789
9157
5540
5839
1491
4740
2409
5804
5978
1181
8074
5706
7379
2099
6673
3201
2096
3825
3971
7862
1932
2993
3968
961
9700
3548
2599
1149
5263
3304
5843
9382
2113
6021
3207
7699
8365
6224
5570
9635
4871
9269
2043
975
5567
3876
2689
3120
5060
2535
4724
3890
1976
4313
3223
5871
3923
1597
5025
3430
2477
7261
5111
4310
3804
5649
9967
7323
6005
1209
6643
5597
7457
434
2721
7588
5055
3040
8374
5293
9808
5401
2163
7733
8780
6113
5548
685
3553
9963
2162
2661
7668
2921
7637
1375
3607
2688
3079
4483
8846
250
9625
886
544
3315
9194
2785
7781
5188
8092
9415
2937
867
9190
2763
2642
9788
8604
7480
4619
5258
9692
5553
885
7484
8809
8149
7806
5934
1371
7211
2018
2229
6363
6560
2652
9819
38
6175
4692
370
5704
2991
9447
5408
4783
469
9505
7040
2457
2085
5443
4880
9470
1046
7545
3749
104
4160
9865
6897
1645
9840
2
5444
9183
3406
5634
8680
9006
6682
4255
7197
6106
6330
374
7679
3143
3701
5228
6837
8039
9514
2552
1878
3054
1450
5192
5024
2860
4346
6259
4217
5287
83
9157
903
2089
6259
2833
9860
965
1800
1968
6285
5898
3172
7840
5617
1363
6758
4516
5827
3327
8087
2591
133
4942
108
7317
3134
3447
2642
190
7440
8134
7375
193
4544
7885
4697
1152
2926
690
9029
9274
6923
7182
3441
3944
3158
7206
5335
7786
6560
313
5771
5406
9604
5363
3477
4966
2831
3236
9424
4638
1513
6341
2328
5477
6895
6144
4347
9107
2757
9606
8273
5537
2643
6737
6843
8218
9287
1138
861
7484
8655
4677
370
4928
705
1735
5846
413
7895
1130
6287
202
2036
9236
6447
304
654
4633
2484
525
419
3456
1704
4389
4949
938
8094
3977
8227
1980
6832
3434
9837
197
8034
4781
5984
3613
2086
7194
1170
4273
6457
3114
6957
4281
2576
4420
8779
9415
2421
2903
1832
4160
9088
6226
9205
4420
6109
1944
9222
5909
4789
3836
8178
6486
3006
7778
6488
3039
3305
2796
7418
5675
1414
4772
4245
4431
1213
646
608
8312
8317
5710
3015
9523
6184
2767
9854
5150
1581
9918
4964
7447
6713
4359
529
9831
1890
3438
8838
4868
1851
6449
9708
1710
3589
7473
2321
3731
3006
9907
6284
137
8616
1518
2229
6928
648
4693
64
5311
872
6047
9139
6689
6178
8548
5462
6867
7732
8009
6790
2066
8895
7
2938
8833
9435
500
1286
347
2739
1850
1951
4629
8772
6707
807
997
307
4066
402
707
8142
8387
7393
3124
6365
1064
9645
6097
8586
8423
3273
1246
5166
3410
4194
1082
2432
9007
1370
7600
3953
6724
8398
8540
9862
1222
1948
309
6627
7485
1337
438
8026
4654
1346
3599
6075
7967
4824
5006
8561
1473
1637
6110
8654
9891
791
4871
5006
231
9538
2738
1834
7206
1559
4706
7748
9924
8396
2723
7897
9269
7245
9695
5300
7768
681
2179
3603
7686
7452
2462
1945
8617
6430
2030
7489
1916
1543
6222
5430
2229
66
8121
8630
152
606
9385
830
4484
9532
1721
8910
6418
4091
4539
192
1490
1546
546
3975
9305
9150
3656
406
3975
4223
9467
6853
6024
2016
7059
2733
5046
241
1095
6470
846
2953
8004
9660
5472
4951
2081
7686
124
6966
6097
1071
5765
2863
6489
3604
1998
955
3298
6574
669
8104
3532
8706
5666
3357
695
4120
6765
5214
4606
2773
3677
1502
6294
9551
2570
8498
3037
697
4262
5641
4044
1810
398
1168
8101
5912
7670
4722
9615
275
2397
2074
6495
9960
3516
6690
4788
2660
2422
3437
7007
1923
9155
4159
1363
4222
4136
317
3831
9720
9069
4339
1502
2718
2278
9660
9554
6648
9940
3
8328
3894
544
3110
8382
8938
5760
2385
7908
6844
9138
6067
2639
8951
7076
6315
5415
1919
9224
5109
5361
9270
5189
4765
2127
5013
7452
7154
5978
8719
5815
3681
6225
8204
3022
5426
2536
7899
1475
3623
5249
8093
8159
733
3698
1021
8669
497
5061
4900
7984
2621
715
8459
6398
571
5707
1262
6187
9378
2501
2560
6379
6649
7723
9107
6424
92
9127
779
954
3093
6194
9474
6711
1228
7747
7925
6263
9743
2376
2759
6565
7405
5886
699
5718
3393
9047
7801
6313
3524
6546
928
9107
2660
4524
716
2975
8193
3024
2589
2029
4109
8916
1476
151
6667
7502
7949
1860
1635
8888
1016
6248
5527
4298
4538
2188
9207
5995
3366
5959
9390
1285
1805
2183
82
2369
8545
5083
7019
4030
5230
5929
4192
2649
3758
2533
6129
9791
5811
7364
8315
742
1905
8905
5596
7230
8659
5077
8989
9012
2513
8701
3028
515
2035
6256
5188
6381
8693
9632
3774
3073
2573
9937
6860
4671
276
5718
704
1155
9073
3071
6615
6127
2630
5378
6526
5882
6895
9097
4109
8568
7920
2212
9079
1200
8169
1748
1665
3212
6112
2857
8813
9294
2897
158
5316
4596
6720
8547
8524
6965
1846
4628
9713
7492
3642
397
7857
9061
3024
3483
4756
1358
4412
5214
2538
9164
1427
8779
6325
4023
2897
7089
1802
524
4756
842
3508
8172
6475
7275
4830
398
2311
1552
5445
3010
2972
7056
3193
2429
6539
9410
5050
1895
2641
8188
6718
9460
7390
8249
6713
6001
9304
2249
1370
1231
3726
1260
3467
3234
767
5540
4413
6662
3851
5334
6798
6524
1031
2654
8277
2568
9177
7682
7602
1933
5235
7662
4529
8555
4771
1597
8216
3080
5034
35
5638
8540
8873
917
3763
2760
14
5296
5777
9015
4418
1575
5952
3589
8698
8877
2616
4720
8885
3435
3995
4283
2934
4090
7125
9979
2324
4063
4076
9864
2551
662
8370
1870
7729
3581
3869
1607
5459
6516
5679
4958
8267
6013
1390
296
9635
3122
9200
5618
6640
2731
4679
8191
5145
8908
1559
1240
7761
6906
9084
7860
8613
1507
1083
826
8943
1669
5523
2108
4830
2597
1857
3655
9906
6093
1312
581
6077
1485
244
9488
3893
822
8275
7789
6830
4715
3958
6856
7479
7375
868
4195
988
789
8743
6065
7338
5368
2141
3126
7499
5920
6776
8995
4822
1846
9287
2470
6485
6796
8487
459
1248
6643
3946
5503
1351
4936
7012
9175
3530
433
3539
118
4128
7346
9771
1828
250
7936
9306
1146
7203
3738
1245
1017
4783
1133
3684
4692
5123
4249
9986
1272
9635
7656
4387
6239
3130
2821
1923
5349
7445
1133
3346
2377
3260
651
6877
7964
9002
9281
7983
5641
6134
3305
2686
6855
1833
1082
990
2916
200
6755
7562
169
4393
2349
4512
7063
4584
9241
6172
6421
1387
2342
4176
9858
548
8735
1718
6785
3974
5760
6372
952
3198
6441
9773
1820
6188
7422
3823
9680
2031
4218
6715
6306
9520
7922
8785
7783
996
5781
2957
8907
9451
5335
6141
9110
3453
5036
1384
7923
433
3742
6479
2245
9341
977
6524
8118
7745
9605
4357
3645
980
6311
2705
2012
2351
9883
9824
2865
5073
1593
4782
1969
6477
3174
2335
4501
4247
2977
6690
5885
3264
1085
6125
3550
9410
1129
7296
1423
5457
3634
5279
2160
7729
4488
9291
6113
6610
1172
8427
9988
7631
6173
9212
6230
6435
8413
201
7147
7284
9262
5583
448
8727
8448
9184
6340
7545
6643
1247
9768
2629
9232
6980
4061
5856
2762
3603
7920
4483
4269
2497
9601
2423
6853
3888
3311
1862
6919
3903
5591
5519
3475
3190
7093
6477
2744
1526
4460
1431
616
7081
774
1313
3913
6645
4582
4846
2430
8834
8062
6491
6920
1581
7395
6506
8897
7214
7943
3548
8122
381
667
3170
5407
435
125
6155
7386
535
8422
7200
3069
6556
1045
5896
2877
2510
3132
9020
8290
4958
6453
9973
7203
8597
6844
8052
5276
2402
4622
987
3449
2159
7000
5998
9132
4467
4807
5454
4752
8305
7635
6170
4484
3794
3159
4257
413
5681
5657
3549
3918
3286
2888
2473
8491
5807
5548
8188
4237
8739
5138
8227
6089
3260
4106
7523
814
9
2053
952
3455
9071
9880
8326
3267
2759
2704
3837
2421
6889
3373
2823
362
2504
257
2674
2209
2095
3789
1542
22
8403
5617
3985
5766
4385
8898
7278
129
6684
2422
109
8124
1408
6870
6767
5136
286
2382
1772
3826
148
2794
8130
6408
7957
2530
2082
2936
8460
7631
2978
4215
7395
3293
5789
1774
3709
4665
1438
3479
3213
8067
5644
5376
6864
9098
4718
4480
1249
4923
4613
5202
4848
3106
8553
4899
6899
6760
6492
3657
8102
6806
8739
8723
8752
8037
3954
4915
6668
4405
6102
268
5311
9716
302
9933
1797
6504
3526
9006
6699
6419
1227
1032
2371
3095
7520
7256
1354
125
5723
5534
3981
1145
3120
5789
2684
7026
7170
9803
3588
8410
5703
9248
6477
2194
5067
6875
1529
5092
5955
4381
764
5125
9257
3489
5130
9571
2583
3703
3271
1758
8074
937
9330
6972
9445
8592
8975
6341
1627
4016
6106
1838
4141
9266
528
3420
8388
1368
9863
8604
1554
1817
4623
2463
2513
9863
9036
936
818
6347
4169
1616
1886
438
2693
5302
8934
620
393
6241
6148
4970
5010
7726
8718
9182
8511
3392
6751
8349
2975
1847
6223
8336
9737
1756
338
973
2252
7494
1561
8219
7912
8543
8399
4956
1191
3071
6119
4110
146
1233
9762
2757
3139
8764
6101
1565
9962
6628
3023
61
7300
3879
346
4937
3048
283
2212
7797
7083
7944
1618
3360
5754
2581
4636
8257
6020
7630
7556
8195
2049
3473
4461
1208
9091
4899
4991
4694
8574
7638
6802
6757
7553
2093
5243
7467
30
9435
152
7825
9147
8539
6921
3615
787
3225
3911
4981
9487
9399
9846
9116
7657
7182
8255
6241
8586
5264
6383
5368
5449
854
7817
8676
5631
138
643
7776
1663
1437
5891
6588
1461
8112
7521
207
8543
2154
6704
6232
6680
8070
1463
7359
5135
2800
5430
9588
2494
2261
1662
8067
1697
9861
1932
4260
2523
6697
8186
681
4358
2092
264
1188
3439
5618
2854
8700
8285
312
2895
1270
2357
20
9423
1926
4120
9688
3804
183
1459
3287
8112
2307
7822
6359
1010
3411
2320
8194
600
9847
7529
4457
5661
1151
3319
4689
6576
2601
4364
2132
4247
4758
8399
431
8639
7141
3569
2791
1249
1588
7370
3451
4383
5038
9786
1560
9694
9883
6776
4606
9842
2029
9485
2861
258
8645
4494
4956
4729
891
5081
2890
8266
5560
1647
1357
6746
4089
9065
8358
7554
822
4309
4747
1987
5858
2541
1554
1381
2085
9676
2676
9977
4002
4615
4412
3532
5729
7599
7184
8447
6850
7661
2815
7085
697
2012
9050
9330
455
6510
5231
8508
3000
5804
8809
4565
7811
549
6371
1440
3771
9658
2572
9604
2845
8122
554
188
5262
2169
3148
3594
1336
6027
8108
6387
553
3507
3489
6652
2642
2054
479
4866
3031
340
4365
1118
4821
8151
5093
8015
1390
801
7535
1218
6685
4902
7390
4697
6073
5465
5718
3368
6984
5306
9657
4504
5765
8898
4195
5099
3372
6367
8562
572
6463
85
3140
6037
3571
7887
5549
9645
7471
3939
8359
6020
3581
642
2659
6023
1593
617
4410
570
1246
2119
5696
5651
704
1294
2383
4588
8919
7957
4527
6306
3425
3409
6401
7803
6404
9585
6495
1681
4419
8385
3524
3993
1953
2693
5052
7668
3848
2946
862
1270
3102
7133
298
5505
8472
142
275
7174
7654
9987
6630
9326
924
8164
3595
1904
7078
6340
4567
2201
8440
7816
9703
4722
9902
82
3648
5053
286
2966
5429
9280
9776
3441
807
5778
3695
5975
9503
4790
2969
9707
3383
68
4562
8552
9512
9439
8522
441
9455
2179
6138
4191
7794
6246
9599
4906
4315
6196
3171
6516
7118
2250
3983
2896
877
4299
9968
8505
6804
2882
8303
3969
9884
7342
6151
4903
7275
8943
2143
6139
6181
8679
9122
6097
7962
9211
8569
2783
3365
3027
5220
8021
1996
9313
8952
4186
3583
4537
4142
4981
1044
1788
5353
5535
1144
3705
2022
924
5715
8113
7565
3444
5766
309
2879
2188
8924
2418
7356
1490
6297
303
3055
422
9080
3280
9480
5847
7769
332
6185
7852
7220
2055
1563
3791
1656
2474
596
8341
9074
5823
7965
5663
7965
9044
843
9723
2562
7984
3532
5296
344
7636
6237
6634
957
4766
5395
8347
2346
1489
2014
3923
6752
3618
8218
8704
3807
4321
8310
7161
2675
491
7032
4606
506
8676
5223
4379
3293
4847
6982
4460
8263
8881
7497
315
7525
7455
6750
9720
4252
1695
366
1898
5613
1429
2895
5745
7508
8642
2125
3722
8212
4190
2869
7218
2070
2787
3613
1695
9642
2405
9165
1080
4335
6297
3567
7807
3329
5489
3025
9003
6736
3985
9732
1730
8984
8798
7317
2984
7400
8540
2759
1692
4568
9662
1310
5507
6688
481
8886
1956
7574
9248
9973
1227
7058
784
4022
1388
966
2990
6452
7191
7454
2551
8307
6395
5482
9358
9068
8870
7417
6494
7263
1233
1447
9064
1439
7107
734
3379
5365
9772
171
6288
4736
7272
5938
4707
6389
5974
2742
6435
6926
2779
9229
9763
7734
5013
1171
8860
4207
6417
4856
5586
1234
2069
6626
8778
9894
9013
7817
7709
9043
2638
4719
7693
2615
1271
4874
750
464
3072
8961
9038
5785
7919
7310
1844
4531
4219
3489
4774
7297
82
773
4865
3272
3651
8383
7813
6706
3995
8669
1831
8847
6031
2406
4942
6851
5310
5968
2422
90
9766
5712
3593
8055
3735
3982
9323
2108
3817
8261
7833
7048
587
8912
3508
8953
6880
260
4112
3212
6940
2747
1376
5067
3475
5567
4603
86
8150
891
6146
2631
4712
8556
848
9198
7155
8552
6398
6669
9845
1668
7850
6320
6629
1531
5147
1300
1178
5443
6713
3905
7465
4775
9812
2695
8005
4362
7424
9997
9686
3040
7583
3810
732
3975
179
2684
4632
271
6711
3377
2527
2879
1004
1711
4413
8744
3524
4090
6950
1693
2018
1084
1566
5269
5219
1876
3513
4105
4505
9887
6445
7104
7757
7923
2335
4901
336
1307
466
3750
9099
594
5694
1428
1744
9333
2103
988
306
2785
8683
3167
1920
4157
1106
1747
3339
1963
8607
5111
8855
1472
2236
7047
8904
6110
7624
2754
5075
1900
9036
4900
5257
1911
5597
9803
7612
2397
5047
2336
9705
3703
4900
3367
217
4253
3867
6038
7513
9957
5985
8458
2163
7278
9622
2635
5900
1832
466
7586
5332
4757
537
1574
9945
4392
5445
1701
8538
3566
7987
7773
663
9848
9411
1834
5625
4968
5051
6101
1064
8633
7057
8533
9509
7043
9466
8769
3699
3204
5128
270
9403
2877
5964
1806
9786
80
9268
5112
7789
1120
3164
453
1620
539
9405
6708
8173
6299
8926
4771
8526
9541
4486
1428
1853
6993
2164
414
3828
49
1662
4208
4826
7920
2159
4301
897
3019
5484
4381
4452
6664
1855
7193
7130
3280
8929
7299
6166
6619
6351
3385
9236
9877
5644
6798
3516
4354
1199
367
2564
9925
2973
8313
8555
2395
4317
4034
431
8880
9209
7911
3224
373
4055
8752
1767
2238
6019
2825
8339
4766
2249
3677
3924
4009
8025
7278
4999
8600
7134
1383
4723
8310
2211
7961
5033
3884
7193
3482
1394
5445
6438
4712
6919
4379
4883
6611
8008
7414
7037
7525
2954
3021
6150
243
6635
5702
5569
8105
1864
8366
1297
1161
3646
2097
1384
7949
5606
9936
3840
644
8254
9520
8357
6353
4321
9002
648
8490
1461
3922
1200
9630
9112
446
1225
5144
1298
1095
2712
8408
9767
2534
3700
6560
8111
4721
5952
9973
6499
3533
3792
4299
3889
6906
834
9378
3843
5661
2354
3399
1826
5271
6519
8655
8529
8982
9229
9127
7898
8022
688
5054
2010
4494
7547
6214
6873
8076
137
7916
6145
2175
3498
9754
5193
2830
6706
174
8857
9496
7121
1646
5407
8506
6224
2413
8390
5056
4689
4083
2213
2958
9544
9522
2714
3874
7486
5168
598
7783
9730
3403
9281
1292
8355
5150
3775
4163
842
1503
3368
2524
4564
3362
9761
2571
4802
5062
9221
3347
166
4569
8987
3498
959
447
9869
4290
9558
7689
3708
4041
6949
3849
8002
9058
668
9044
9250
2003
6323
1835
703
1396
5988
5391
3177
304
1753
16
7060
6410
9603
7133
8981
9364
8894
3632
165
4071
9237
3176
2889
974
6206
4238
2766
3062
3301
3772
1402
5280
4108
5650
7164
2950
3762
2504
6714
1403
487
6128
8671
7201
6881
24
3495
8199
6795
2003
5708
75
5868
4104
9166
3524
205
9119
3617
5893
2808
2489
5130
4066
2633
8853
7229
3092
413
6747
7757
4350
2936
4659
8551
8902
3915
5907
1230
2258
8025
82
9434
5857
785
863
1750
6683
3670
1387
7877
5940
7871
7788
6614
4163
6610
7528
4513
3145
1071
9635
8621
597
4245
9033
4166
1294
3447
1695
5483
7045
5864
5247
3548
3005
4322
9041
7314
2697
1786
3828
4537
6617
8915
3794
4995
1808
5211
3512
5153
2304
192
1139
5255
3272
7610
6061
3889
8768
9386
5235
2379
942
5532
3899
894
9021
8658
4158
1440
800
3958
2638
6618
4682
6075
6187
7173
7538
3953
656
5944
5102
1360
5875
3868
8603
5535
6672
5662
7070
4814
5913
2147
9193
2271
7111
3322
3060
6858
5811
2934
9809
2033
1165
9748
1399
7378
5506
3068
3879
8725
6215
3709
9890
101
3778
1420
8949
7961
3022
2189
170
2803
4349
7131
7883
5000
8897
495
4362
2040
338
6090
7699
4075
326
6402
5093
9205
7780
4809
4536
9071
563
2095
2168
4624
3099
9094
6111
7403
289
1942
2380
5766
7576
6552
3480
2900
4046
4963
8386
3653
8343
9293
2755
4299
5501
9037
9208
2825
1153
2655
9961
4521
9251
2693
3902
5501
1739
1139
5527
5404
7568
1722
6255
9281
4661
1181
9413
7548
5735
1858
5445
6087
309
2760
3371
8090
3554
4274
1624
9429
6931
9806
9076
3717
8737
5374
142
274
4122
4207
1043
2122
9788
4664
8849
3622
4420
861
5003
8736
4348
3447
4661
9060
3970
3960
7797
9208
9233
2163
3206
9133
7574
375
4772
4176
5037
9232
3401
5827
5999
8151
7123
9102
2700
9072
1425
4655
7828
5975
2662
2467
4369
940
2589
4909
7757
7523
4294
7110
9455
8921
2293
1406
6747
343
2598
8807
698
5457
1515
2923
2286
6317
8364
288
7835
3275
5867
1533
8637
9916
8643
8345
68
262
7164
24
3678
9256
2959
5225
3776
4590
994
3159
6412
662
308
327
4959
1851
1655
4034
8903
3341
8327
2114
1027
3784
7116
7952
5594
1548
6932
6355
3984
4314
978
7654
2702
2343
9410
3453
9792
3975
264
7670
2075
3389
7112
9652
8696
8065
4432
8746
6999
166
5852
8814
5666
4684
8945
5196
191
7119
9744
8293
8876
9026
6975
4043
4796
1939
6116
2133
5756
2564
2930
2021
6700
2482
4878
3197
3684
9408
6317
7705
6658
550
1182
3263
1227
3123
8397
2629
512
5495
1202
3687
6062
4455
7260
3734
2393
9731
702
8722
6935
4593
7095
1967
1779
9898
8282
946
4795
2570
6657
9998
7933
8637
693
9718
5642
3536
2036
2994
7775
983
7769
9107
6573
3861
7579
6033
3123
9576
1973
2262
2146
8779
7967
8554
9091
9905
3756
7522
6111
7030
96
4821
8814
7013
9787
802
332
3797
9360
6983
7334
3007
7768
4743
522
9321
5037
4134
4729
9853
8551
8218
3745
6816
9182
7958
1632
3530
7684
1982
8504
9107
6797
3473
4406
2933
6401
1251
2216
1468
6512
6715
6187
7143
8093
5966
1257
9902
8229
4386
3292
4163
5093
7916
3079
4477
17
3293
4104
8205
6902
508
9473
2524
1925
7741
5019
92
1793
3308
8296
566
2165
4744
1534
1700
5132
6709
2682
8614
6423
1902
5525
9866
8046
277
4150
7630
9767
9669
3597
9494
2831
7076
2316
8021
6949
7731
4725
7502
2499
1687
2080
9536
2547
3163
8291
9763
9612
9865
7247
2364
4418
4141
8607
2380
6447
7714
2268
9974
8929
5466
5593
3301
3152
9744
640
9733
3979
1670
7149
2055
8284
5695
3909
9470
1559
6058
6277
6931
12
8206
1091
4011
9310
3219
5490
8680
4131
2106
6534
3350
9761
2866
4911
7633
3245
6970
5817
6703
2316
9791
308
2660
6126
2696
1613
526
5064
8874
9471
2124
2871
5694
2680
421
7054
1323
1987
5800
3647
9445
9923
2356
9320
5245
8050
8277
3577
7602
239
5773
9741
9579
4356
3530
1109
953
3838
1609
2757
5438
1712
8753
1021
2396
2011
6441
5584
5491
6507
2815
2093
8913
3041
6106
6325
6040
5598
943
3951
1021
1798
1992
6771
9133
3408
7120
8720
2973
5259
4206
2827
2696
9343
7113
9376
1270
5490
6675
8847
4239
9671
9056
6917
4999
6419
7142
3808
5642
1199
3507
5572
8742
3658
5365
8483
7682
4076
319
8264
1052
5982
1428
2234
8300
4640
7312
142
1809
5014
5285
552
3652
4571
7328
6869
1037
7584
7509
8406
3642
7765
5670
1140
1876
5881
1000
5215
9240
7760
4580
6555
8908
7791
4237
7375
7883
8300
8079
1294
983
3069
2733
9775
7026
6447
2145
7614
9475
4439
6352
1470
6155
3455
9196
5039
6930
2138
5000
7274
7722
3846
6500
5305
2215
7388
4133
8267
7767
122
9377
5675
8195
9492
8052
3834
8697
1343
7326
8703
2533
4344
9018
8494
9360
8039
4109
2068
5253
7782
2788
4240
458
5196
9376
8121
4604
5073
5304
4747
8969
8731
2460
8079
7744
3741
6234
9264
7674
3691
6289
3692
2818
5250
6185
3871
5782
5956
9539
6781
7832
96
7614
8249
8488
3651
7490
9256
2698
8596
8128
3812
2732
9250
1545
9902
4033
19
896
5131
2567
8859
3638
1287
6140
2669
8593
5561
6812
4761
7337
8708
3406
6162
5236
2456
934
9687
7049
9277
7632
497
6263
1893
8449
3645
8651
6722
8686
1151
4101
7488
3686
6210
8314
7235
1344
3178
4976
7890
2171
6957
9242
2100
5016
2507
3742
5745
5700
5527
267
3279
2315
3529
8188
2724
6601
5393
1494
738
7844
6992
6724
1787
3576
4921
5429
3867
8530
5661
1450
6145
4171
2098
9650
9158
653
1364
2210
1421
8780
2379
3192
9437
6951
228
1699
6390
4392
3830
8266
4919
7060
1862
1575
7910
7724
372
7781
1157
169
1239
4652
6881
5422
188
1671
4752
8955
5968
7476
1968
6329
8816
5162
6409
3437
7831
4419
5147
6119
9638
5588
5910
6767
1411
4198
499
2492
6110
1706
9989
3415
2482
6465
6905
2982
3764
326
6282
6295
504
1292
2412
8517
3457
9388
7755
7037
7790
1933
7807
6845
9200
631
7723
2892
3854
5766
6480
4322
239
1678
8941
9704
1050
2309
1037
946
3015
1153
920
1202
1085
6916
105
4352
8558
7335
4303
3571
1865
7333
8134
6893
5113
472
6302
316
9535
1363
4353
629
3022
8431
7175
8186
2484
5391
9664
6298
4806
9578
5483
9845
8120
6904
461
2866
2520
1963
4070
9920
879
2070
7591
2011
5838
9674
2298
6497
6561
4674
8525
7348
57
5110
9016
5881
6449
5076
636
1004
1312
9366
4282
2739
3412
6083
7989
6614
159
2554
8748
6273
6423
8170
622
4287
2631
8279
4900
8233
1725
2952
6031
33
4997
1757
3061
8796
9728
3895
2425
7341
6690
5294
8805
5823
1730
6407
1865
6345
5686
8047
6948
8901
3699
319
2041
5607
5714
1485
8626
5514
1418
2716
6740
4476
8375
7678
6574
1892
2134
5126
606
2017
6392
5923
2499
890
4190
3162
2320
2900
8926
7787
3265
7642
2752
3866
8594
6377
4364
1522
7114
7350
801
2480
2513
2825
7314
6369
1495
3761
3580
1620
1271
7994
5413
5325
7119
2622
4723
4969
7706
7603
7526
702
959
4085
9830
4476
6545
3130
8135
7512
2038
1987
263
6795
1189
8960
6884
533
6048
8081
2410
8002
6823
3897
2243
4127
7294
8161
8678
4184
3381
3363
6670
9614
1940
573
3871
4328
9199
4357
4612
6441
5565
837
9122
23
1237
5019
481
2341
2219
1859
4079
9610
6202
1503
1886
2788
6945
8965
6321
7414
8336
9822
5801
983
1187
6292
8024
8958
8776
3724
9666
2296
3086
7192
2588
7816
3657
9724
6852
6381
1367
5735
4675
8273
5825
6516
4422
7005
4293
7545
2741
4011
6383
6630
1718
5578
2150
9986
633
7418
7682
9183
7371
765
3045
3843
274
2882
8859
1096
4574
4028
5288
977
1533
3828
2958
2828
4398
1245
3527
7564
6805
8341
9258
4425
1970
5976
9436
9485
9345
6259
9207
5462
4814
5095
8298
49
6007
9709
8577
3889
5991
4854
9380
36
1431
4108
6164
2452
9096
3789
3855
662
7529
126
8714
9050
9411
8363
5680
3152
5636
3542
2719
3181
8618
7067
5025
7017
2455
1935
8201
7803
2944
2618
8332
5264
5206
9338
6169
4975
3293
6874
1459
9190
4955
8113
2688
3040
467
5932
506
746
92
4199
8175
8843
8414
8588
5199
6682
5413
2131
6875
4053
1059
8517
6662
7030
9482
816
8557
1673
9718
4135
9613
2903
3178
704
2611
7200
3811
9808
7412
5824
9117
7419
4383
3489
29
6450
4571
4702
789
6009
3949
9218
3258
3815
7851
4365
5267
6672
2624
9354
6670
2470
5469
2142
1391
1952
1266
1766
1419
2272
8978
1501
2508
402
6959
6553
7254
2394
1365
1002
7718
2374
6337
7402
3448
4042
6731
9427
1402
699
5239
2528
596
1078
94
5045
5971
9860
5289
1304
4264
3096
7248
8831
2152
8976
7434
5344
4632
759
2436
9865
1871
5436
3927
156
467
8533
7694
3786
4446
1963
1975
1247
1745
3359
7483
786
8771
3600
282
4110
5725
9016
953
2493
5356
1357
345
4160
7319
2812
9429
9630
2858
4375
5877
5037
9050
1479
1532
1924
9376
4717
8322
6515
1246
7579
3657
2476
2768
7131
9134
2884
6650
2682
4346
9648
8581
8219
656
1589
9979
2375
907
8006
6783
9358
3853
6540
7571
5844
2172
8932
3240
7275
1935
3732
67
2492
403
3542
3371
9939
7203
9416
1691
5118
2722
1092
1771
8276
3274
2630
7184
9229
721
3584
1245
1084
5814
8597
6656
3992
110
6759
8893
2261
3886
3295
6669
4975
4014
4341
2160
6700
9393
1869
1511
1013
1285
8164
2889
4439
9665
9537
3196
1241
5494
7968
2519
3613
4160
3290
4998
7178
3557
2204
6880
5504
4342
2452
8780
1886
9617
759
3915
8686
6735
5942
437
7602
3280
2539
6185
6089
5086
5589
117
6700
7309
9877
6543
5778
7312
4287
9001
8267
3488
1490
9658
9242
117
5782
6314
7944
6112
248
3565
7407
1674
5203
6519
658
2674
8630
6547
8766
9148
5952
7949
1324
1988
9558
9876
4643
9076
784
1881
5608
6100
8129
4386
3617
8421
6342
9379
5229
4237
573
9624
5570
6050
746
8166
3670
7933
4154
2983
4460
8037
6528
399
4113
3469
5708
8845
9323
6036
9751
6672
2630
7196
4834
1853
1052
4316
4249
6169
3644
2730
8981
9585
3325
2407
383
7679
5018
6702
6243
1038
9898
9276
8832
5521
5861
8731
3708
4137
3627
7692
8386
759
704
8619
8637
8054
2451
6720
1186
7370
5985
4462
6138
961
4190
1877
9289
3615
9064
9514
2037
114
7324
2626
8321
8750
4589
3849
3243
398
7460
8996
6277
9068
283
6884
5653
4540
8307
1413
7582
488
4897
9077
1483
4856
9818
6622
6078
3885
8882
8288
2250
8741
1893
8381
2893
1409
5478
9619
6568
4741
9426
1658
7222
2974
5592
2230
3154
8112
7842
5540
7644
1449
7816
6248
175
1739
5762
5161
7607
6966
3139
9932
2235
4582
8365
8146
8260
6793
8804
8358
681
604
8097
4529
693
4883
6975
2502
2338
8152
5693
7142
2770
8490
9772
1534
5492
4712
658
4763
1394
9989
2283
6501
9797
1299
6156
828
8639
5557
881
4220
6638
3233
6467
678
8978
812
7122
5071
8868
822
3433
2684
3875
4237
6450
909
6948
1325
7627
2677
650
7294
843
9902
2681
1994
3736
7411
2407
4923
1720
3483
7772
2316
1736
6332
5294
3231
84
7763
3185
8384
3025
4191
3523
735
3670
8772
6109
6388
6867
237
7719
9024
3873
7871
5283
7189
7520
5473
3568
9678
6701
1000
8502
770
3775
2611
5266
8532
6423
2196
3840
2514
3015
2136
2025
4218
1467
8873
9156
2878
1505
7629
8843
5694
8439
2884
5026
7288
425
6022
4243
2853
2791
7216
622
464
9640
3348
4895
273
8838
4084
1847
2805
4638
7181
1807
8595
6740
4786
9886
1284
1805
3649
9451
5953
2511
448
6105
8121
4787
1943
1795
7025
8377
8095
1334
7491
1448
7134
3212
6902
9439
5403
655
2363
5120
8688
6862
6125
7977
200
9273
9939
6721
4234
2402
1520
99
7281
1915
5805
365
9461
4067
4524
3344
3075
2472
6134
4587
4765
381
164
7016
4421
8100
6946
8532
979
8118
4320
6538
4176
9025
9745
6405
8753
1131
3816
8680
6715
9961
3983
113
2259
6023
3806
2613
1841
8571
5575
7175
2450
1479
6622
8919
8647
3164
5769
8250
5828
3028
4195
3880
673
3469
3804
6720
5181
2290
5979
3126
8079
5916
4375
3502
8737
578
964
908
7428
8609
6474
8769
1762
4433
6638
7495
8659
2031
5333
6352
9816
1882
593
6391
9507
8497
4158
5603
1624
2632
7362
928
2783
9945
2678
5702
7858
9078
4727
3855
6643
4705
6869
3856
6689
5399
6237
6893
4341
275
858
3354
7422
8141
4602
2662
4271
604
4677
6648
9680
7883
8805
2792
9022
6447
7436
6417
457
3549
7598
4182
7170
9515
9674
2636
9652
8684
4681
6482
1983
7836
3455
2303
362
8952
3395
8645
150
9111
9233
1789
5557
7802
8909
6095
5367
3389
1678
5440
4236
8215
2878
1292
2137
8038
3534
8665
6915
6856
6332
6359
3028
3398
8245
6163
8438
2346
2927
3493
4473
1154
4472
4347
9411
1373
4155
232
5353
979
4686
3803
8644
5287
8517
1442
5742
8515
7492
586
2031
9846
8504
3132
7031
4888
7993
2809
4313
4557
1226
5701
1004
656
8245
6921
1601
5400
1424
9594
8366
6741
9023
7918
707
3374
4196
8591
2334
2544
4120
1299
7935
991
9250
2807
4065
9422
4491
3953
7982
2852
3371
9694
2742
5222
6979
329
284
2622
1559
4921
4635
8376
8413
7121
4049
2874
5842
424
8943
8778
1066
8820
6150
2748
2264
3190
3894
2119
3654
7144
1040
3842
6133
3876
4367
6950
3910
3095
6449
6301
9202
8200
7965
4295
5321
6682
7117
5896
2676
4320
5851
2268
1881
4405
3692
9554
4548
3064
37
1654
4756
3603
2683
9418
5800
6300
4415
375
4763
3302
8887
6854
9964
2595
922
8072
1429
7257
1093
7466
9107
3241
8207
5940
3561
9782
9612
6699
8664
3973
8285
4530
8824
7743
7760
1562
8888
5545
6745
5048
5105
2133
8793
4278
5728
4310
3780
7220
8358
9910
4125
5865
4164
3631
3619
2145
9771
7603
4804
2641
3857
5993
969
9576
1762
9134
91
2814
9791
8919
6083
2890
2197
5839
5529
2303
5487
9493
4575
3999
7644
9491
818
6791
5695
7307
8832
4315
780
8358
9511
8070
1640
5067
2091
5001
6098
7392
9099
4367
606
2680
2535
1346
1693
5973
2955
3580
4086
4098
8311
7878
2632
8963
7094
7955
3876
180
2790
2403
4615
9654
6501
3088
699
968
3781
3397
2576
3079
9590
6640
2068
7850
1805
5013
7115
8181
3275
7109
7975
46
7350
3718
1326
2734
6554
4453
7790
7377
4215
8639
4394
465
3297
5661
8132
2968
2212
152
741
3234
5581
3116
3759
578
3102
3678
4937
2085
5375
8217
24
4866
3889
381
4333
5788
7549
2925
1073
5301
8432
5652
2372
2016
3324
4918
1561
4329
9466
458
7708
9035
8482
9297
6396
3295
6945
2858
3858
1601
2138
8554
5735
9882
1614
6890
308
5340
9398
6123
8502
7212
5218
681
7646
5622
1905
4951
1053
4503
3553
3076
7825
9788
3063
2249
7957
1577
7870
1797
7194
6076
8427
9892
6181
7156
3667
8577
7520
8732
929
3406
1972
5464
1408
7026
4636
1103
9848
3080
2905
354
7429
9399
4209
6155
5728
8682
4549
8978
3037
8301
5189
2208
1390
4077
2808
8786
7427
1716
2537
7720
550
1123
5078
2501
7786
737
7121
4592
7662
4557
2445
6040
3255
5016
1472
4047
302
8258
3752
4593
6059
9927
5411
1910
6094
3409
1398
4359
2485
7615
2956
508
6389
7712
1747
8619
8025
4369
1890
1097
9680
2318
9599
8363
8518
1685
2462
8990
9073
6822
575
5641
4951
3481
4899
5930
1598
649
3388
9479
7526
6508
4891
1184
1150
4825
6254
729
8281
7533
8908
8567
6274
798
9540
6890
2547
4313
5926
6762
7511
6345
9013
7001
4908
7814
8661
1817
2836
2830
4711
3766
536
4953
3273
985
3450
2708
8932
301
7629
4413
6293
4261
7984
1227
5711
6908
775
960
9791
9372
2407
9658
6732
6386
7994
5838
9640
488
3379
4227
8416
7338
8398
993
7661
3927
6382
3868
4042
2999
8010
1769
6349
1061
8482
5963
5936
7084
8509
8962
6760
2167
8820
3194
6405
2746
8042
3124
8258
7540
8076
8973
7494
5456
2809
2341
9312
5844
2275
6210
4769
6294
998
4981
325
7496
2886
4349
8706
2042
9257
5776
8102
2450
2051
6009
5953
786
5830
7694
4814
3771
8958
1298
7776
6356
7234
1225
5752
1995
9739
2548
5788
7725
7542
6351
1036
2086
8790
4690
97
320
7846
4700
7405
9423
7479
1348
2370
8617
6295
3542
185
2453
3565
9975
1787
9090
7090
5972
58
6996
4247
1190
623
9977
5251
6822
2119
2868
9827
887
7705
8920
733
7515
6787
888
5429
7586
9447
9318
2183
5017
9506
2428
9677
7140
3676
4555
2332
8140
1225
4526
4218
4647
3901
6099
6746
1728
6000
8156
2194
7064
8367
3380
9088
7780
1128
8835
1338
8580
4836
1615
7808
6044
7593
2274
3102
4708
1359
7198
3488
5035
8223
2714
2342
7917
1092
2810
2534
1306
4131
5973
6419
3788
3677
4929
322
5174
741
9771
2192
5549
5179
3265
9382
8154
6781
3407
767
2245
2588
2022
2457
1939
6251
2664
5552
8059
4472
1928
5448
246
3319
1837
9661
5478
2147
9391
4568
6623
4601
7430
8886
4666
1921
9198
1140
3618
6036
7579
3080
1969
7142
6754
6270
9003
4267
3292
6353
5088
1868
6243
4408
5502
8570
8543
8785
7794
300
6774
7948
3092
5684
1391
3306
8941
2009
4607
3330
8592
6919
4271
5665
789
7082
7986
1609
7667
6247
6639
4375
578
829
233
2867
8385
1719
5818
6094
7864
1231
8294
2518
837
5490
8758
5349
9893
593
2523
2324
9810
4260
3370
2305
210
1256
3156
3677
5604
5699
1002
1401
6217
4753
7125
39
19
8892
8126
2587
9687
6784
3616
3490
6856
1055
9862
6586
6642
5815
9557
9745
4557
3033
8367
7563
4913
5355
6297
9378
9405
8806
3179
6792
9963
9481
9368
2208
4214
7646
4442
4810
4300
4915
4598
1090
2632
3622
5509
2299
9942
2001
7696
8256
2069
5756
8249
9227
5211
3962
7399
1047
5126
8541
5478
658
521
947
5177
6229
1022
849
2334
2444
6675
6606
8441
4508
30
3248
3403
1052
1280
6533
7263
6489
943
3202
4580
2602
1116
9282
7833
2548
5966
2981
1890
7930
9338
449
1465
5535
5538
6896
6715
3692
8929
6612
5099
783
2722
9403
253
8313
614
106
3587
8441
8000
2024
1283
4301
5603
7641
3860
3131
8556
1155
3227
8108
6032
5423
1765
4207
5082
9686
1361
3644
8737
7218
8489
7855
480
6132
1674
8413
4459
3319
2622
2580
9820
881
5759
1783
1198
8514
6049
3198
7108
7364
1351
7571
7875
980
7187
8272
1724
2303
1035
1451
957
7631
9844
3136
4859
9735
9313
9840
5052
6090
6493
7621
2900
4295
1248
6490
9364
2355
4971
1698
9896
4162
4296
3639
6200
2678
7497
6120
6644
7461
3006
6261
5337
8726
9565
4083
7731
1458
8979
9089
7305
4035
9771
812
2191
8025
7513
7203
2893
7017
7988
6438
4318
2520
242
5443
8531
1997
4935
3988
8847
1551
50
3375
3778
4336
4958
4096
7678
2560
1206
6601
3311
7465
2830
6722
5963
9551
9462
7308
4496
977
428
7920
1229
4782
236
7179
2754
1193
5324
8524
3370
1110
9473
2899
3218
5409
9918
1370
6144
9702
7182
4202
6602
3181
6797
9788
3800
6149
9915
1879
2040
2082
911
8365
485
6903
3860
6792
8002
8523
5251
5515
3874
1458
9930
9319
4586
4696
1128
8880
3619
9073
5789
5003
7129
3593
620
549
1680
8298
7801
9881
8438
1864
522
9132
5031
4125
9447
3519
8846
6605
4808
9285
4616
9559
5820
7730
5478
6310
5800
685
2564
3368
1028
9310
8165
6991
9025
4281
8156
1673
2964
1966
2720
5443
3501
9917
8704
2733
3134
4253
1284
3052
9693
8305
4705
1534
4453
6265
2873
310
9525
7052
1818
4768
599
4900
582
3308
3402
1823
4905
621
2208
1527
8866
7910
8742
1884
395
5470
3322
7059
1249
6983
5078
638
966
8461
1486
1891
7595
814
4786
1359
1644
8657
4646
5831
3272
8572
4830
3556
197
3284
6914
1839
202
9298
9935
520
3059
8208
4369
3113
7531
9138
7492
9762
4302
3526
8368
3081
1529
8741
4925
2285
8755
5496
9190
3912
4732
6794
1855
3031
6547
7989
6624
4556
6473
3504
5817
1899
9883
5461
9742
